0.00 0.00
0.25 0.00
0.50 0.00
0.75 0.00
1.00 0.00
1.25 0.00
1.50 0.00
1.75 0.00
2.00 0.00
2.25 0.00
2.50 0.00
2.75 0.00
3.00 0.00
3.25 0
3.50 0
3.75 0
4.00 0
4.25 0
4.50 0
4.75 0
5.00 0
5.25 9724991.00
5.50 9093029.00
5.75 8947578.00
6.00 8465817.00
6.25 8218459.00
6.50 8013719.00
6.75 7662122.00
7.00 7393662.00
7.25 7123699.00
7.50 6956735.00
7.75 6898512.00
8.00 6753620.00
8.25 6500621.00
8.50 6480357.00
8.75 6525324.00
9.00 6560164.00
9.25 6523951.00
9.50 6242221.00
9.75 6214737.00
10.00 6150281.00
10.25 6042939.00
10.50 5994818.00
10.75 5953046.00
11.00 5896571.00
11.25 5921971.00
11.50 5961476.00
11.75 6564754.00
12.00 6547031.00
12.25 6189473.00
12.50 6134390.00
12.75 6304181.00
13.00 6846680.00
13.25 7766664.00
13.50 10570651.00
13.75 18081092.00
14.00 18781617.00
14.25 9433283.00
14.50 5504224.00
14.75 4735443.00
15.00 4547825.00
15.25 4657235.00
15.50 4910573.00
15.75 5481570.00
16.00 5832037.00
16.25 6295075.00
16.50 8040445.00
16.75 10833285.00
17.00 10826822.00
17.25 11614279.00
17.50 18120690.00
17.75 17761724.00
18.00 8684443.00
18.25 4077200.00
18.50 3083552.00
18.75 2779039.00
19.00 2632229.00
19.25 2617281.00
19.50 2729277.00
19.75 2949800.00
20.00 3265824.00
20.25 4081736.00
20.50 5907093.00
20.75 6234595.00
21.00 4661941.00
21.25 3932314.00
21.50 3185385.00
21.75 2587550.00
22.00 2598917.00
22.25 2643553.00
22.50 3011686.00
22.75 4213755.00
23.00 4948454.00
23.25 4091823.00
23.50 2902252.00
23.75 2378302.00
24.00 2227066.00
24.25 2172797.00
24.50 2163188.00
24.75 2184307.00
25.00 2226902.00
25.25 2339432.00
25.50 2670027.00
25.75 3606834.00
26.00 5248276.00
26.25 5143167.00
26.50 3203636.00
26.75 2209074.00
27.00 2131658.00
27.25 2156700.00
27.50 2075667.00
27.75 1915971.00
28.00 1896969.00
28.25 1990914.00
28.50 1949122.00
28.75 1751204.00
29.00 1650307.00
29.25 1610713.00
29.50 1574417.00
29.75 1557549.00
30.00 1597623.00
30.25 1619626.00
30.50 1664809.00
30.75 1796424.00
31.00 1838125.00
31.25 1871730.00
31.50 2137912.00
31.75 2606905.00
32.00 2789166.00
32.25 2468808.00
32.50 2194100.00
32.75 2216885.00
33.00 2475368.00
33.25 2646436.00
33.50 2211653.00
33.75 1731086.00
34.00 1558185.00
34.25 1538483.00
34.50 1547197.00
34.75 1572693.00
35.00 1629245.00
35.25 1731076.00
35.50 1972959.00
35.75 2579628.00
36.00 4040012.00
36.25 4946097.00
36.50 3800064.00
36.75 2245094.00
37.00 1567392.00
37.25 1307628.00
37.50 1205079.00
37.75 1099527.00
38.00 1109500.00
38.25 1083344.00
38.50 1067413.00
38.75 1040137.00
39.00 1023897.00
39.25 1001675.00
39.50 1001784.00
39.75 986094.00
40.00 997375.00
40.25 984951.00
40.50 977489.00
40.75 975261.00
41.00 984093.00
41.25 971200.00
41.50 949333.00
41.75 956539.00
42.00 955546.00
42.25 966219.00
42.50 964699.00
42.75 972121.00
43.00 985186.00
43.25 993795.00
43.50 980644.00
43.75 947846.00
44.00 955951.00
44.25 954363.00
44.50 954536.00
44.75 957443.00
45.00 969999.00
45.25 950070.00
45.50 971747.00
45.75 959710.00
46.00 974210.00
46.25 987414.00
46.50 994199.00
46.75 1001633.00
47.00 1014256.00
47.25 1020070.00
47.50 1038523.00
47.75 1046792.00
48.00 1091908.00
48.25 1110761.00
48.50 1119650.00
48.75 1123451.00
49.00 1117869.00
49.25 1146251.00
49.50 1143594.00
49.75 1141731.00
50.00 1163058.00
50.25 1170272.00
50.50 1187601.00
50.75 1203164.00
51.00 1213886.00
51.25 1234127.00
51.50 1228315.00
51.75 1229627.00
52.00 1255729.00
52.25 1262784.00
52.50 1249082.00
52.75 1296304.00
53.00 1281291.00
53.25 1317926.00
53.50 1318315.00
53.75 1311332.00
54.00 1350917.00
54.25 1368380.00
54.50 1415054.00
54.75 1434496.00
55.00 1467832.00
55.25 1511748.00
55.50 1541830.00
55.75 1564342.00
56.00 1647065.00
56.25 1672948.00
56.50 1760202.00
56.75 1881532.00
57.00 1969107.00
57.25 2112352.00
57.50 2277352.00
57.75 2480735.00
58.00 2790572.00
58.25 3191356.00
58.50 3848516.00
58.75 5113895.00
59.00 8025743.00
59.25 15043018.00
59.50 21906979.00
59.75 17349609.00
60.00 7447132.00
60.25 2034313.00
60.50 510852.00
60.75 142529.00
61.00 37847.00
61.25 9964.00
61.50 3531.00
61.75 2025.00
62.00 1412.00
62.25 1074.00
62.50 873.00
62.75 820.00
63.00 856.00
63.25 853.00
63.50 860.00
63.75 838.00
64.00 850.00
64.25 913.00
64.50 855.00
64.75 908.00
65.00 957.00
65.25 870.00
65.50 996.00
65.75 891.00
66.00 928.00
66.25 876.00
66.50 991.00
66.75 931.00
67.00 1046.00
67.25 1108.00
67.50 1188.00
67.75 1113.00
68.00 1112.00
68.25 1043.00
68.50 1062.00
68.75 1065.00
69.00 1220.00
69.25 1422.00
69.50 1689.00
69.75 1979.00
70.00 1679.00
70.25 1350.00
70.50 1040.00
70.75 1071.00
71.00 1090.00
71.25 1147.00
71.50 1258.00
71.75 1227.00
72.00 1332.00
72.25 1262.00
72.50 1284.00
72.75 1204.00
73.00 1253.00
73.25 1231.00
73.50 1198.00
73.75 1006.00
74.00 1129.00
74.25 1212.00
74.50 1170.00
74.75 1272.00
75.00 1347.00
75.25 1479.00
75.50 1743.00
75.75 1964.00
76.00 1982.00
76.25 1765.00
76.50 1424.00
76.75 1267.00
77.00 1209.00
77.25 1103.00
77.50 1041.00
77.75 972.00
78.00 1023.00
78.25 1016.00
78.50 1057.00
78.75 1044.00
79.00 1032.00
79.25 1152.00
79.50 1292.00
79.75 1464.00
80.00 1543.00
80.25 1551.00
80.50 1191.00
80.75 965.00
81.00 841.00
81.25 823.00
81.50 805.00
81.75 778.00
82.00 747.00
82.25 736.00
82.50 730.00
82.75 755.00
83.00 764.00
83.25 737.00
83.50 762.00
83.75 733.00
84.00 710.00
84.25 761.00
84.50 777.00
84.75 731.00
85.00 746.00
85.25 702.00
85.50 718.00
85.75 697.00
86.00 719.00
86.25 769.00
86.50 784.00
86.75 813.00
87.00 760.00
87.25 738.00
87.50 739.00
87.75 720.00
88.00 739.00
88.25 737.00
88.50 712.00
88.75 724.00
89.00 692.00
89.25 729.00
89.50 734.00
89.75 688.00
90.00 742.00
90.25 744.00
90.50 777.00
90.75 729.00
91.00 760.00
91.25 809.00
91.50 808.00
91.75 751.00
92.00 755.00
92.25 744.00
92.50 774.00
92.75 769.00
93.00 803.00
93.25 844.00
93.50 792.00
93.75 854.00
94.00 836.00
94.25 878.00
94.50 930.00
94.75 1014.00
95.00 972.00
95.25 1007.00
95.50 969.00
95.75 1039.00
96.00 1072.00
96.25 1202.00
96.50 1301.00
96.75 1386.00
97.00 1512.00
97.25 1619.00
97.50 1744.00
97.75 1949.00
98.00 2194.00
98.25 2677.00
98.50 3765.00
98.75 5209.00
99.00 6071.00
99.25 5458.00
99.50 3807.00
99.75 2120.00
