3	0
0.20000 8.25900
0.30000 8.06100
0.40000 7.54600
0.50000 5.71200
0.60000 5.43500
0.70000 4.92100
0.80000 4.63100
0.90000 4.38000
1.00000 4.14200
1.10000 3.93100
1.20000 3.66800
1.30000 3.41700
1.40000 3.16600
1.50000 2.94200
1.60000 2.94200
1.70000 3.29800
1.80000 3.66800
1.90000 4.10300
2.00000 4.43300
2.10000 4.53800
2.20000 4.59100
2.30000 4.49900
2.40000 4.53800
2.50000 4.72300
2.60000 5.81800
2.70000 6.68900
2.80000 7.67800
2.90000 8.81300
3.00000 10.33000
3.10000 11.09500
3.20000 11.02900
3.30000 10.43500
3.40000 9.67000
3.50000 9.15600
3.60000 8.90500
3.70000 8.64100
3.80000 8.36400
3.90000 8.27300
4.00000 8.19300
4.10000 8.17000
4.20000 8.16500
4.30000 8.14000
4.40000 8.27200
4.50000 8.45600
4.60000 8.78600
4.70000 9.07700
4.80000 9.40600
4.90000 9.56500
5.00000 9.38000
5.10000 9.06300
5.20000 8.57500
5.30000 8.31100
5.40000 7.81000
5.50000 7.34800
5.60000 7.16400
5.70000 6.91300
5.80000 6.37200
5.90000 5.18500
6.00000 4.86800
6.10000 4.80200
6.20000 4.84200
6.30000 4.85000
6.40000 4.92100
6.50000 4.85500
6.60000 4.64400
6.70000 4.05000
6.80000 3.85200
6.90000 3.74700
7.00000 3.83900
7.10000 3.95800
7.20000 4.07700
7.30000 4.43300
7.40000 4.68300
7.50000 4.89400
7.60000 5.06600
7.70000 5.04000
7.80000 4.90800
7.90000 4.72300
8.00000 4.52500
8.10000 4.26100
8.20000 3.73400
8.30000 3.11300
8.40000 2.58600
8.50000 2.02300
8.60000 1.69700
8.70000 1.34600
8.80000 1.14300
8.90000 0.93200
9.00000 0.92300
9.10000 1.02900
9.20000 1.16100
9.30000 1.52200
9.40000 1.82100
9.50000 1.90000
9.60000 1.97000
9.70000 2.00500
9.80000 2.00500
9.90000 1.88200
10.00000 1.85600
10.10000 1.61800
10.20000 1.39800
10.30000 1.24000
10.40000 1.08200
10.50000 0.74800
10.60000 0.60700
10.70000 0.46600
10.80000 0.33400
10.90000 0.16700
