3	0
0.12000 0.20722
0.35000 0.12471
0.58000 0.16299
0.81000 0.05259
1.04000 0.04116
1.27000 0.03387
1.50000 0.02958
1.73000 0.02540
1.96000 0.02252
2.19000 0.04149
2.42000 0.02069
2.65000 0.01698
2.88000 0.01550
3.11000 0.01435
3.34000 0.01335
3.57000 0.01257
3.80000 0.01187
4.03000 0.01099
4.27000 0.01044
4.50000 0.01013
4.73000 0.00929
4.96000 0.00886
5.19000 0.00850
5.42000 0.00795
5.65000 0.00744
5.88000 0.00719
6.11000 0.00897
6.34000 0.00630
6.57000 0.00595
6.80000 0.00603
7.03000 0.00586
7.26000 0.00481
7.49000 0.00443
7.72000 0.00409
7.95000 0.00365
8.18000 0.00334
8.41000 0.00290
8.65000 0.00257
8.88000 0.00237
9.11000 0.00213
9.34000 0.00186
9.57000 0.00166
9.80000 0.00141
10.03000 0.00118
10.26000 0.00093
10.49000 0.00074
10.72000 0.00054
10.95000 0.00033
11.18000 0.00019
11.41000 0.00006
11.64000 0.00001
11.87000 0.00000
12.10000 0.00000
12.33000 0.00000
12.56000 0.00000
12.79000 0.00000
13.03000 0.00000
13.26000 0.00000
13.49000 0.00000
13.72000 0.00000
13.95000 0.00000
14.18000 0.00000
14.41000 0.00000
14.64000 0.00000
14.87000 0.00000
15.10000 0.00000
15.33000 0.00000
15.56000 0.00000
15.79000 0.00000
16.02000 0.00000
16.25000 0.00000
16.48000 0.00000
16.71000 0.00000
16.94000 0.00000
17.17000 0.00000
17.41000 0.00000
17.64000 0.00000
17.87000 0.00000
18.10000 0.00000
18.33000 0.00000
18.56000 0.00000
18.79000 0.00000
19.02000 0.00000
19.25000 0.00000
19.48000 0.00000
19.71000 0.00000
19.94000 0.00000
20.17000 0.00000
20.40000 0.00000
20.63000 0.00000
20.86000 0.00000
21.09000 0.00000
21.32000 0.00000
21.55000 0.00000
21.79000 0.00000
22.02000 0.00000
22.25000 0.00000
22.48000 0.00000
22.71000 0.00000
22.94000 0.00000
