3	0
0.46000 0.11065
1.37000 0.11844
2.28000 0.09861
3.20000 0.08067
4.11000 0.06477
5.02000 0.05190
5.93000 0.04211
6.85000 0.03541
7.76000 0.02908
8.67000 0.02491
9.59000 0.02092
10.50000 0.01851
11.41000 0.01607
12.33000 0.01406
13.24000 0.01263
14.15000 0.01114
15.06000 0.01025
15.98000 0.00979
16.89000 0.00877
17.80000 0.00834
18.72000 0.00801
19.63000 0.00770
20.54000 0.00716
21.46000 0.00694
22.37000 0.00673
23.28000 0.00642
24.19000 0.00616
25.11000 0.00630
26.02000 0.00570
26.93000 0.00577
27.85000 0.00555
28.76000 0.00543
29.67000 0.00520
30.59000 0.00499
31.50000 0.00503
32.41000 0.00481
33.32000 0.00454
34.24000 0.00458
35.15000 0.00439
36.06000 0.00421
36.98000 0.00405
37.89000 0.00407
38.80000 0.00416
39.72000 0.00368
40.63000 0.00373
41.54000 0.00356
42.45000 0.00365
43.37000 0.00339
44.28000 0.00341
45.19000 0.00324
46.11000 0.00319
47.02000 0.00307
47.93000 0.00303
48.85000 0.00288
49.76000 0.00277
50.67000 0.00264
51.58000 0.00272
52.50000 0.00251
53.41000 0.00242
54.32000 0.00243
55.24000 0.00229
56.15000 0.00223
57.06000 0.00209
57.98000 0.00199
58.89000 0.00189
59.80000 0.00185
60.71000 0.00180
61.63000 0.00170
62.54000 0.00159
63.45000 0.00143
64.37000 0.00142
65.28000 0.00139
66.19000 0.00124
67.11000 0.00125
68.02000 0.00114
68.93000 0.00102
69.84000 0.00100
70.76000 0.00086
71.67000 0.00088
72.58000 0.00067
73.50000 0.00060
74.41000 0.00052
75.32000 0.00049
76.24000 0.00041
77.15000 0.00032
78.06000 0.00026
78.97000 0.00017
79.89000 0.00010
80.80000 0.00005
81.71000 0.00004
82.63000 0.00000
83.54000 0.00000
84.45000 0.00000
85.37000 0.00000
86.28000 0.00000
87.19000 0.00000
88.10000 0.00000
89.02000 0.00000
89.93000 0.00000
90.84000 0.00000
