92.80
93.70
92.50
92.95
92.94
91.81
91.60
91.85
99.04
99.10
97.89
97.59
96.68
97.72
104.58
104.63
103.64
102.89
104.01
110.07
109.89
109.48
112.18
117.35
115.54
118.39
124.39
124.85
130.85
132.97
140.13
146.81
155.84
168.44
187.07
219.58
283.60
299.93
134.77
17.91
0.71
0.01
0.00
0.00
0.00
0.00
0.00
0.00
0.00
0.00
0.00
0.00
0.00
0.00
0.00
0.00
0.00
0.00
0.00
0.00
0.00
0.00
0.00
0.00
0.00
0.00
0.00
0.00
0.00
0.00
0.00
0.00
0.00
0.00
0.00
0.00
0.00
0.00
0.00
0.00
0.00
0.00
0.00
0.00
0.00
0.00
0.00
0.00
0.00
0.00
0.00
0.00
0.00
0.00
0.00
0.00
0.00
0.00
0.00
0.00
